('D = ', [0.16388925524244885, -0.2844696564730714, -0.001529465542216191, -0.006084783163059259, 0.0])
('K = ', [529.4734848546348, 0.0, 325.18315217235966, 0.0, 529.3847939950497, 276.0944316394724, 0.0, 0.0, 1.0])
('R = ', [1.0, 0.0, 0.0, 0.0, 1.0, 0.0, 0.0, 0.0, 1.0])
('P = ', [541.4940795898438, 0.0, 321.8403845002358, 0.0, 0.0, 543.9459228515625, 275.73173920034606, 0.0, 0.0, 0.0, 1.0, 0.0])
# oST version 5.0 parameters


[image]

width
640

height
480

[narrow_stereo]

camera matrix
529.473485 0.000000 325.183152
0.000000 529.384794 276.094432
0.000000 0.000000 1.000000

distortion
0.163889 -0.284470 -0.001529 -0.006085 0.000000

rectification
1.000000 0.000000 0.000000
0.000000 1.000000 0.000000
0.000000 0.000000 1.000000

projection
541.494080 0.000000 321.840385 0.000000
0.000000 543.945923 275.731739 0.000000
0.000000 0.000000 1.000000 0.000000


